[[[1.0, 0.9984948826008428, 0.9996651823082332, 0.9998325911541166], [0.9984948826008428, 1.0, 0.9982942002809553, 0.9985283296541575], [0.9996651823082332, 0.9982942002809553, 1.0, 0.9996651823082332], [0.9998325911541166, 0.9985283296541575, 0.9996651823082332, 1.0]], [[1.0, 0.9974881103891754, 0.9977900552486187, 0.9984946308500318], [0.9974881103891754, 1.0, 0.9970534069981584, 0.9961194928578597], [0.9977900552486187, 0.9970534069981584, 1.0, 0.9987957046800254], [0.9984946308500318, 0.9961194928578597, 0.9987957046800254, 1.0]], [[1.0, 1.0, 0.9933415866430221, 0.9982274247491639], [1.0, 1.0, 0.9933415866430221, 0.9982274247491639], [0.9933415866430221, 0.9933415866430221, 1.0, 0.9939130434782608], [0.9982274247491639, 0.9982274247491639, 0.9939130434782608, 1.0]], [[1.0, 0.9973547631006194, 0.997558691726306, 0.9975573847286355], [0.9973547631006194, 1.0, 0.9983947562035984, 0.9985277387405475], [0.997558691726306, 0.9983947562035984, 1.0, 0.9990636077854325], [0.9975573847286355, 0.9985277387405475, 0.9990636077854325, 1.0]], [[1.0, 0.9986956521739131, 0.9987287143287277, 0.9996316882073261], [0.9986956521739131, 1.0, 0.9991638795986622, 0.9983946488294314], [0.9987287143287277, 0.9991638795986622, 1.0, 0.9986952594426416], [0.9996316882073261, 0.9983946488294314, 0.9986952594426416, 1.0]], [[1.0, 0.9979931096765562, 0.9950837764623257, 0.9969529549640047], [0.9979931096765562, 1.0, 0.9966890739440153, 0.9988627621500485], [0.9950837764623257, 0.9966890739440153, 1.0, 0.9956857630179593], [0.9969529549640047, 0.9988627621500485, 0.9956857630179593, 1.0]], [[1.0, 0.9985619210059864, 0.9988292748193738, 0.9986621626141342], [0.9985619210059864, 1.0, 0.9996990067221833, 0.9997993378147888], [0.9988292748193738, 0.9996990067221833, 1.0, 0.9998327703267668], [0.9986621626141342, 0.9997993378147888, 0.9998327703267668, 1.0]], [[1.0, 0.997053308331101, 0.9984948322574171, 0.9981939799331103], [0.997053308331101, 1.0, 0.9984279359133024, 0.9984615384615385], [0.9984948322574171, 0.9984279359133024, 1.0, 0.9996321070234113], [0.9981939799331103, 0.9984615384615385, 0.9996321070234113, 1.0]], [[1.0, 0.99220813965154, 0.9966892953884225, 0.9966892953884225], [0.99220813965154, 1.0, 0.9917527155692638, 0.9917527155692638], [0.9966892953884225, 0.9917527155692638, 1.0, 1.0], [0.9966892953884225, 0.9917527155692638, 1.0, 1.0]], [[1.0, 1.0, 1.0, 1.0], [1.0, 1.0, 1.0, 1.0], [1.0, 1.0, 1.0, 1.0], [1.0, 1.0, 1.0, 1.0]], [[1.0, 0.9983575786015955, 0.9979888717570558, 0.9979888717570558], [0.9983575786015955, 1.0, 0.9988268418582825, 0.9988268418582825], [0.9979888717570558, 0.9988268418582825, 1.0, 1.0], [0.9979888717570558, 0.9988268418582825, 1.0, 1.0]], [[1.0, 1.0, 0.9994301803311658, 0.9994301803311658], [1.0, 1.0, 0.9994301803311658, 0.9994301803311658], [0.9994301803311658, 0.9994301803311658, 1.0, 1.0], [0.9994301803311658, 0.9994301803311658, 1.0, 1.0]], [[1.0, 0.9996318854159695, 0.9994645606050465, 0.9978582424201861], [0.9996318854159695, 1.0, 0.9996988153403387, 0.9980924971554782], [0.9994645606050465, 0.9996988153403387, 1.0, 0.9982598219664012], [0.9978582424201861, 0.9980924971554782, 0.9982598219664012, 1.0]], [[1.0, 1.0, 1.0, 0.9994980255672311], [1.0, 1.0, 1.0, 0.9994980255672311], [1.0, 1.0, 1.0, 0.9994980255672311], [0.9994980255672311, 0.9994980255672311, 0.9994980255672311, 1.0]], [[1.0, 0.9999330700756308, 0.9999330700756308, 0.9997992102268924], [0.9999330700756308, 1.0, 1.0, 0.9997992102268924], [0.9999330700756308, 1.0, 1.0, 0.9997992102268924], [0.9997992102268924, 0.9997992102268924, 0.9997992102268924, 1.0]], [[1.0, 0.9993307007563081, 0.9996988153403387, 0.9996318854159695], [0.9993307007563081, 1.0, 0.9994310956428619, 0.9996988153403387], [0.9996988153403387, 0.9994310956428619, 1.0, 0.9997322803025233], [0.9996318854159695, 0.9996988153403387, 0.9997322803025233, 1.0]], [[1.0, 0.9996318854159695, 0.9996988153403387, 0.9995314905294157], [0.9996318854159695, 1.0, 0.9997992102268924, 0.9992972357941236], [0.9996988153403387, 0.9997992102268924, 1.0, 0.9993641657184927], [0.9995314905294157, 0.9992972357941236, 0.9993641657184927, 1.0]], [[1.0, 0.9963121898886952, 0.9964091549768441, 0.9996305997716435], [0.9963121898886952, 1.0, 0.9928590586026552, 0.996211613249296], [0.9964091549768441, 0.9928590586026552, 1.0, 0.9965098328746895], [0.9996305997716435, 0.996211613249296, 0.9965098328746895, 1.0]], [[1.0, 0.9927308053061772, 0.9933688335175324, 0.993909988288439], [0.9927308053061772, 1.0, 0.9992966944639807, 0.9979923038313535], [0.9933688335175324, 0.9992966944639807, 1.0, 0.9985946126819475], [0.993909988288439, 0.9979923038313535, 0.9985946126819475, 1.0]], [[1.0, 0.9968859869412355, 0.996852502929851, 0.996852502929851], [0.9968859869412355, 1.0, 0.9998992680142368, 0.9995634947283594], [0.996852502929851, 0.9998992680142368, 1.0, 0.9995299173997717], [0.996852502929851, 0.9995634947283594, 0.9995299173997717, 1.0]], [[1.0, 1.0, 1.0, 1.0], [1.0, 1.0, 1.0, 1.0], [1.0, 1.0, 1.0, 1.0], [1.0, 1.0, 1.0, 1.0]], [[1.0, 0.9985272952438331, 0.9989624125581551, 0.9946781805402148], [0.9985272952438331, 1.0, 0.999062636001473, 0.9948436349025648], [0.9989624125581551, 0.999062636001473, 1.0, 0.9947440661511164], [0.9946781805402148, 0.9948436349025648, 0.9947440661511164, 1.0]], [[1.0, 1.0, 1.0, 1.0], [1.0, 1.0, 1.0, 1.0], [1.0, 1.0, 1.0, 1.0], [1.0, 1.0, 1.0, 1.0]], [[1.0, 1.0, 1.0, 1.0], [1.0, 1.0, 1.0, 1.0], [1.0, 1.0, 1.0, 1.0], [1.0, 1.0, 1.0, 1.0]], [[1.0, 0.9982243366389708, 0.9933328866255695, 0.9974202626641651], [0.9982243366389708, 1.0, 0.9948692152917505, 0.9983232729711603], [0.9933328866255695, 0.9948692152917505, 1.0, 0.9936861902203117], [0.9974202626641651, 0.9983232729711603, 0.9936861902203117, 1.0]], [[1.0, 0.9993641869959509, 0.9993976508382693, 0.9790850985510157], [0.9993641869959509, 1.0, 0.998929121210093, 0.9786493541262299], [0.9993976508382693, 0.998929121210093, 1.0, 0.9794763626623811], [0.9790850985510157, 0.9786493541262299, 0.9794763626623811, 1.0]], [[1.0, 0.9979914301017675, 0.9972548625757424, 0.9979244082889759], [0.9979914301017675, 1.0, 0.9981253347616497, 0.9997321906802357], [0.9972548625757424, 0.9981253347616497, 1.0, 0.998125272002946], [0.9979244082889759, 0.9997321906802357, 0.998125272002946, 1.0]], [[1.0, 0.9975895547371945, 0.9982939149633694, 0.997890366004755], [0.9975895547371945, 1.0, 0.998561536145586, 0.9996317375292936], [0.9982939149633694, 0.998561536145586, 1.0, 0.9983942729067006], [0.997890366004755, 0.9996317375292936, 0.9983942729067006, 1.0]], [[1.0, 0.9922659702691844, 0.9982590062943618, 0.9982590062943618], [0.9922659702691844, 1.0, 0.9908558030480656, 0.9908558030480656], [0.9982590062943618, 0.9908558030480656, 1.0, 1.0], [0.9982590062943618, 0.9908558030480656, 1.0, 1.0]], [[1.0, 0.9918941550829007, 0.998694123556002, 0.9985933418179382], [0.9918941550829007, 1.0, 0.9913946090741671, 0.9917610020764954], [0.998694123556002, 0.9913946090741671, 1.0, 0.9980914113510798], [0.9985933418179382, 0.9917610020764954, 0.9980914113510798, 1.0]], [[1.0, 0.9966450833696783, 0.9967792800348911, 0.9982919150646393], [0.9966450833696783, 1.0, 0.9996642267141226, 0.9972201754973541], [0.9967792800348911, 0.9996642267141226, 1.0, 0.9973541429432647], [0.9982919150646393, 0.9972201754973541, 0.9973541429432647, 1.0]], [[1.0, 1.0, 0.997552717154447, 0.9946025679707667], [1.0, 1.0, 0.997552717154447, 0.9946025679707667], [0.997552717154447, 0.997552717154447, 1.0, 0.9959046659953005], [0.9946025679707667, 0.9946025679707667, 0.9959046659953005, 1.0]], [[1.0, 0.9903305674518201, 0.9903617683477796, 0.9905514976881324], [0.9903305674518201, 1.0, 0.9990966274089935, 0.9982267130620985], [0.9903617683477796, 0.9990966274089935, 1.0, 0.9981593654830829], [0.9905514976881324, 0.9982267130620985, 0.9981593654830829, 1.0]], [[1.0, 1.0, 0.9986954776558737, 0.999129677980853], [1.0, 1.0, 0.9986954776558737, 0.999129677980853], [0.9986954776558737, 0.9986954776558737, 1.0, 0.9986620283649986], [0.999129677980853, 0.999129677980853, 0.9986620283649986, 1.0]], [[1.0, 0.9984941774862803, 0.9991299692142953, 0.9977914603132111], [0.9984941774862803, 1.0, 0.9993641869959509, 0.9981929525148078], [0.9991299692142953, 0.9993641869959509, 1.0, 0.9986274312878711], [0.9977914603132111, 0.9981929525148078, 0.9986274312878711, 1.0]], [[1.0, 0.9985269994308862, 0.9983595580850352, 0.9897795053950807], [0.9985269994308862, 1.0, 0.9996987044290448, 0.9911619965853169], [0.9983595580850352, 0.9996987044290448, 1.0, 0.9909943086709072], [0.9897795053950807, 0.9911619965853169, 0.9909943086709072, 1.0]], [[1.0, 0.9977582226386054, 0.9977582226386054, 0.9977582226386054], [0.9977582226386054, 1.0, 1.0, 1.0], [0.9977582226386054, 1.0, 1.0, 1.0], [0.9977582226386054, 1.0, 1.0, 1.0]], [[1.0, 0.9987947370183133, 0.9982590645820081, 0.9987287568580222], [0.9987947370183133, 1.0, 0.9973531678225618, 0.9978589589187743], [0.9982590645820081, 0.9973531678225618, 1.0, 0.9976247825505152], [0.9987287568580222, 0.9978589589187743, 0.9976247825505152, 1.0]], [[1.0, 0.9989633147175868, 0.9981272781995117, 0.9976590977493897], [0.9989633147175868, 1.0, 0.998293743726999, 0.9980930076948812], [0.9981272781995117, 0.998293743726999, 1.0, 0.9981923476048605], [0.9976590977493897, 0.9980930076948812, 0.9981923476048605, 1.0]], [[1.0, 0.9961466291381852, 0.9986940798285561, 0.9913215386677389], [0.9961466291381852, 1.0, 0.995446021966247, 0.9941508672851956], [0.9986940798285561, 0.995446021966247, 1.0, 0.990624162871685], [0.9913215386677389, 0.9941508672851956, 0.990624162871685, 1.0]], [[1.0, 0.9952117863720074, 0.9990959316926168, 0.9990959316926168], [0.9952117863720074, 1.0, 0.9946090741670852, 0.9946090741670852], [0.9990959316926168, 0.9946090741670852, 1.0, 1.0], [0.9990959316926168, 0.9946090741670852, 1.0, 1.0]], [[1.0, 0.9972184054425416, 0.9943235254601639, 0.9959154976731729], [0.9972184054425416, 1.0, 0.9919903482020175, 0.9982590645820081], [0.9943235254601639, 0.9919903482020175, 1.0, 0.9935719307643376], [0.9959154976731729, 0.9982590645820081, 0.9935719307643376, 1.0]], [[1.0, 0.9988956562479084, 0.9995649554916003, 0.9987952613613547], [0.9988956562479084, 1.0, 0.9993307007563081, 0.9987278205557415], [0.9995649554916003, 0.9993307007563081, 1.0, 0.9986279365504317], [0.9987952613613547, 0.9987278205557415, 0.9986279365504317, 1.0]], [[1.0, 0.9997322803025233, 0.9997322803025233, 0.9995649554916003], [0.9997322803025233, 1.0, 1.0, 0.9997657452647079], [0.9997322803025233, 1.0, 1.0, 0.9997657452647079], [0.9995649554916003, 0.9997657452647079, 0.9997657452647079, 1.0]], [[1.0, 0.9996318854159695, 0.9999330700756308, 0.9995314905294157], [0.9996318854159695, 1.0, 0.9996318854159695, 0.9996988153403387], [0.9999330700756308, 0.9996318854159695, 1.0, 0.9995314905294157], [0.9995314905294157, 0.9996988153403387, 0.9995314905294157, 1.0]], [[1.0, 0.9999665350378154, 1.0, 1.0], [0.9999665350378154, 1.0, 0.9999665350378154, 0.9999665350378154], [1.0, 0.9999665350378154, 1.0, 1.0], [1.0, 0.9999665350378154, 1.0, 1.0]], [[1.0, 0.9999330700756308, 0.9986279365504317, 0.9927046382437588], [0.9999330700756308, 1.0, 0.9986279365504317, 0.9927046382437588], [0.9986279365504317, 0.9986279365504317, 1.0, 0.9931672025723473], [0.9927046382437588, 0.9927046382437588, 0.9931672025723473, 1.0]], [[1.0, 0.9948714510776657, 0.9976200851406161, 0.9984264095352886], [0.9948714510776657, 1.0, 0.9971777986829727, 0.9936721574929691], [0.9976200851406161, 0.9971777986829727, 1.0, 0.9964175706441677], [0.9984264095352886, 0.9936721574929691, 0.9964175706441677, 1.0]], [[1.0, 0.9985261112785985, 0.9925970589220514, 0.9968512377315513], [0.9985261112785985, 1.0, 0.9936971972643154, 0.9980555183049483], [0.9925970589220514, 0.9936971972643154, 1.0, 0.9956006313597743], [0.9968512377315513, 0.9980555183049483, 0.9956006313597743, 1.0]], [[1.0, 0.9981919844644591, 0.9981919844644591, 0.9975244212498328], [0.9981919844644591, 1.0, 1.0, 0.998661849324234], [0.9981919844644591, 1.0, 1.0, 0.998661849324234], [0.9975244212498328, 0.998661849324234, 0.998661849324234, 1.0]], [[1.0, 0.9978568797508622, 0.9965865738571715, 0.9965865738571715], [0.9978568797508622, 1.0, 0.9973228030252326, 0.9973228030252326], [0.9965865738571715, 0.9973228030252326, 1.0, 1.0], [0.9965865738571715, 0.9973228030252326, 1.0, 1.0]], [[1.0, 0.9902006688963211, 0.9947491638795987, 0.9934113712374582], [0.9902006688963211, 1.0, 0.9906538925365135, 0.9917258475144044], [0.9947491638795987, 0.9906538925365135, 1.0, 0.9965432761687418], [0.9934113712374582, 0.9917258475144044, 0.9965432761687418, 1.0]], [[1.0, 0.9938804173354735, 0.9939805370698592, 0.9939805370698592], [0.9938804173354735, 1.0, 0.9994315141787052, 0.9994315141787052], [0.9939805370698592, 0.9994315141787052, 1.0, 1.0], [0.9939805370698592, 0.9994315141787052, 1.0, 1.0]], [[1.0, 0.9941774862802838, 0.9941774862802838, 0.9956168233680195], [0.9941774862802838, 1.0, 1.0, 0.994780339277947], [0.9941774862802838, 1.0, 1.0, 0.994780339277947], [0.9956168233680195, 0.994780339277947, 0.994780339277947, 1.0]], [[1.0, 0.9987620035466925, 0.9987620035466925, 0.9984943286378694], [0.9987620035466925, 1.0, 1.0, 0.9990291587158113], [0.9987620035466925, 1.0, 1.0, 0.9990291587158113], [0.9984943286378694, 0.9990291587158113, 0.9990291587158113, 1.0]], [[1.0, 0.9975219342307949, 0.997753863689698, 0.9996312313520399], [0.9975219342307949, 1.0, 0.9978233206081307, 0.9975554216060545], [0.997753863689698, 0.9978233206081307, 1.0, 0.997753863689698], [0.9996312313520399, 0.9975554216060545, 0.997753863689698, 1.0]], [[1.0, 0.999397045523063, 0.9968512377315513, 0.9990959619634366], [0.999397045523063, 1.0, 0.9972856137528903, 0.998794615951249], [0.9968512377315513, 0.9972856137528903, 1.0, 0.99685260831715], [0.9990959619634366, 0.998794615951249, 0.99685260831715, 1.0]], [[1.0, 0.9974541922084883, 0.9983936818151395, 0.9973536997956655], [0.9974541922084883, 1.0, 0.9967873636302791, 0.9979878600892048], [0.9983936818151395, 0.9967873636302791, 1.0, 0.9970885482899404], [0.9973536997956655, 0.9979878600892048, 0.9970885482899404, 1.0]], [[1.0, 1.0, 0.993614175860916, 0.9944165830825811], [1.0, 1.0, 0.993614175860916, 0.9944165830825811], [0.993614175860916, 0.993614175860916, 1.0, 0.9965726958099527], [0.9944165830825811, 0.9944165830825811, 0.9965726958099527, 1.0]], [[1.0, 0.9983269758415312, 0.9981596734256842, 0.9995315532356287], [0.9983269758415312, 1.0, 0.9974869320466425, 0.9985608139768392], [0.9981596734256842, 0.9974869320466425, 1.0, 0.9983934667648438], [0.9995315532356287, 0.9985608139768392, 0.9983934667648438, 1.0]], [[1.0, 0.9987262854461353, 0.9978905779146856, 0.997955078779752], [0.9987262854461353, 1.0, 0.9981919239268734, 0.9986592478380372], [0.9978905779146856, 0.9981919239268734, 1.0, 0.9982588897073595], [0.997955078779752, 0.9986592478380372, 0.9982588897073595, 1.0]], [[1.0, 0.9990951742627345, 0.9973552944327274, 0.9971549069487213], [0.9990951742627345, 1.0, 0.9969535670047872, 0.9974896237782835], [0.9973552944327274, 0.9969535670047872, 1.0, 0.9988954344624448], [0.9971549069487213, 0.9974896237782835, 0.9988954344624448, 1.0]], [[1.0, 0.9973244147157191, 0.9927254441837077, 0.9927254441837077], [0.9973244147157191, 1.0, 0.9918729096989967, 0.9918729096989967], [0.9927254441837077, 0.9918729096989967, 1.0, 1.0], [0.9927254441837077, 0.9918729096989967, 1.0, 1.0]], [[1.0, 0.997957953936797, 0.997957953936797, 0.9940077664702731], [0.997957953936797, 1.0, 1.0, 0.9950742217605468], [0.997957953936797, 1.0, 1.0, 0.9950742217605468], [0.9940077664702731, 0.9950742217605468, 0.9950742217605468, 1.0]], [[1.0, 0.9999665350378154, 0.9983267518907704, 0.9999665350378154], [0.9999665350378154, 1.0, 0.998360216852955, 1.0], [0.9983267518907704, 0.998360216852955, 1.0, 0.998360216852955], [0.9999665350378154, 1.0, 0.998360216852955, 1.0]], [[1.0, 0.997858744019539, 0.9978922011442337, 0.9984944293887383], [0.997858744019539, 1.0, 0.9968504992293775, 0.9970216183655712], [0.9978922011442337, 0.9968504992293775, 1.0, 0.9980924971554782], [0.9984944293887383, 0.9970216183655712, 0.9980924971554782, 1.0]], [[1.0, 0.9981277790779312, 0.997793453913276, 0.9978268864297416], [0.9981277790779312, 1.0, 0.9978582424201861, 0.9978917073823707], [0.997793453913276, 0.9978582424201861, 1.0, 0.9999665350378154], [0.9978268864297416, 0.9978917073823707, 0.9999665350378154, 1.0]], [[1.0, 0.9999665350378154, 0.9999665350378154, 0.9999665350378154], [0.9999665350378154, 1.0, 1.0, 1.0], [0.9999665350378154, 1.0, 1.0, 1.0], [0.9999665350378154, 1.0, 1.0, 1.0]], [[1.0, 0.9984940767016933, 0.9991633759453852, 0.9971554782143096], [0.9984940767016933, 1.0, 0.9981922870915908, 0.9980239139900191], [0.9991633759453852, 0.9981922870915908, 1.0, 0.9971210498125335], [0.9971554782143096, 0.9980239139900191, 0.9971210498125335, 1.0]], [[1.0, 0.9975933415783668, 0.9980590321932936, 0.9989955805544395], [0.9975933415783668, 1.0, 0.9980613029381288, 0.9976601932011899], [0.9980590321932936, 0.9980613029381288, 1.0, 0.998025567231109], [0.9989955805544395, 0.9976601932011899, 0.998025567231109, 1.0]], [[1.0, 0.9979251029082026, 0.9959171379806566, 0.9990629497004786], [0.9979251029082026, 1.0, 0.996684860864615, 0.9982925441092771], [0.9959171379806566, 0.996684860864615, 1.0, 0.9962168134185946], [0.9990629497004786, 0.9982925441092771, 0.9962168134185946, 1.0]], [[1.0, 0.9982255256461765, 0.9982255256461765, 0.99568099638409], [0.9982255256461765, 1.0, 1.0, 0.9972185918702456], [0.9982255256461765, 1.0, 1.0, 0.9972185918702456], [0.99568099638409, 0.9972185918702456, 0.9972185918702456, 1.0]], [[1.0, 1.0, 0.9970506418205584, 0.9981918633852336], [1.0, 1.0, 0.9970506418205584, 0.9981918633852336], [0.9970506418205584, 0.9970506418205584, 1.0, 0.9964506947932362], [0.9981918633852336, 0.9981918633852336, 0.9964506947932362, 1.0]], [[1.0, 0.9991282773419164, 0.9992959163146248, 0.9973232509117677], [0.9991282773419164, 1.0, 0.9991616645987726, 0.9972563321845619], [0.9992959163146248, 0.9991616645987726, 1.0, 0.9973567102753705], [0.9973232509117677, 0.9972563321845619, 0.9973567102753705, 1.0]], [[1.0, 0.9911276282308825, 0.9911276282308825, 0.9991965451441197], [0.9911276282308825, 1.0, 1.0, 0.9916976331559038], [0.9911276282308825, 1.0, 1.0, 0.9916976331559038], [0.9991965451441197, 0.9916976331559038, 0.9916976331559038, 1.0]], [[1.0, 1.0, 0.9983265278800455, 0.9944029225458324], [1.0, 1.0, 0.9983265278800455, 0.9944029225458324], [0.9983265278800455, 0.9983265278800455, 1.0, 0.9955485641609211], [0.9944029225458324, 0.9944029225458324, 0.9955485641609211, 1.0]], [[1.0, 1.0, 0.9987288419080752, 0.9987288419080752], [1.0, 1.0, 0.9987288419080752, 0.9987288419080752], [0.9987288419080752, 0.9987288419080752, 1.0, 1.0], [0.9987288419080752, 0.9987288419080752, 1.0, 1.0]], [[1.0, 0.9990967482938579, 0.9992306920426799, 0.9992306920426799], [0.9990967482938579, 1.0, 0.9989631066662207, 0.9989631066662207], [0.9992306920426799, 0.9989631066662207, 1.0, 1.0], [0.9992306920426799, 0.9989631066662207, 1.0, 1.0]], [[1.0, 0.990884413016522, 0.9917155794063391, 0.9917155794063391], [0.990884413016522, 1.0, 0.9987600120647475, 0.9987600120647475], [0.9917155794063391, 0.9987600120647475, 1.0, 1.0], [0.9917155794063391, 0.9987600120647475, 1.0, 1.0]], [[1.0, 0.9998660684390277, 0.9998660684390277, 0.9906576480042861], [0.9998660684390277, 1.0, 1.0, 0.9907252394026652], [0.9998660684390277, 1.0, 1.0, 0.9907252394026652], [0.9906576480042861, 0.9907252394026652, 0.9907252394026652, 1.0]], [[1.0, 0.9978180597515945, 0.9962521750769643, 0.9962521750769643], [0.9978180597515945, 1.0, 0.9960179360192746, 0.9960179360192746], [0.9962521750769643, 0.9960179360192746, 1.0, 1.0], [0.9962521750769643, 0.9960179360192746, 1.0, 1.0]], [[1.0, 0.9987270534637546, 0.9987270534637546, 0.9972226869667057], [0.9987270534637546, 1.0, 1.0, 0.997189225363895], [0.9987270534637546, 1.0, 1.0, 0.997189225363895], [0.9972226869667057, 0.997189225363895, 0.997189225363895, 1.0]], [[1.0, 0.9988958779443254, 0.9988624958179994, 0.9987620035466925], [0.9988958779443254, 1.0, 0.9994647039143526, 0.9994646680942184], [0.9988624958179994, 0.9994647039143526, 1.0, 0.9997992639678822], [0.9987620035466925, 0.9994646680942184, 0.9997992639678822, 1.0]], [[1.0, 0.9994314191110071, 0.998661849324234, 0.9996654623310585], [0.9994314191110071, 1.0, 0.9984614870062544, 0.9995652028495936], [0.998661849324234, 0.9984614870062544, 1.0, 0.9987287568580222], [0.9996654623310585, 0.9995652028495936, 0.9987287568580222, 1.0]], [[1.0, 0.9996651374610722, 0.9942734670640635, 0.9980925609878526], [0.9996651374610722, 1.0, 0.9942068780765496, 0.9980256333032159], [0.9942734670640635, 0.9942068780765496, 1.0, 0.9951142790215173], [0.9980925609878526, 0.9980256333032159, 0.9951142790215173, 1.0]], [[1.0, 0.9875370520075452, 0.9875370520075452, 0.9875370520075452], [0.9875370520075452, 1.0, 1.0, 1.0], [0.9875370520075452, 1.0, 1.0, 1.0], [0.9875370520075452, 1.0, 1.0, 1.0]], [[1.0, 0.993838735601393, 0.9970427126390429, 0.9924026908531075], [0.993838735601393, 1.0, 0.9959148138226628, 0.9982261789216507], [0.9970427126390429, 0.9959148138226628, 1.0, 0.9952140299206801], [0.9924026908531075, 0.9982261789216507, 0.9952140299206801, 1.0]], [[1.0, 0.9926933905349242, 0.9925940819677624, 0.9946029298380878], [0.9926933905349242, 1.0, 0.9993968030561978, 0.997419225097198], [0.9925940819677624, 0.9993968030561978, 1.0, 0.9975537012834691], [0.9946029298380878, 0.997419225097198, 0.9975537012834691, 1.0]], [[1.0, 0.9907894296144958, 0.9907894296144958, 0.9923970928090565], [0.9907894296144958, 1.0, 1.0, 0.9962940502661546], [0.9907894296144958, 1.0, 1.0, 0.9962940502661546], [0.9923970928090565, 0.9962940502661546, 0.9962940502661546, 1.0]], [[1.0, 0.9925608203203539, 0.9960038953625038, 0.9960038953625038], [0.9925608203203539, 1.0, 0.9957777628845251, 0.9957777628845251], [0.9960038953625038, 0.9957777628845251, 1.0, 1.0], [0.9960038953625038, 0.9957777628845251, 1.0, 1.0]], [[1.0, 0.9993975500368164, 0.9984267782426778, 0.9986621626141342], [0.9993975500368164, 1.0, 0.9979918334560546, 0.9987959463527208], [0.9984267782426778, 0.9979918334560546, 1.0, 0.9983611492023144], [0.9986621626141342, 0.9987959463527208, 0.9983611492023144, 1.0]], [[1.0, 0.9986932484503267, 0.996815179858527, 0.996815179858527], [0.9986932484503267, 1.0, 0.9973529904506617, 0.9973529904506617], [0.996815179858527, 0.9973529904506617, 1.0, 1.0], [0.996815179858527, 0.9973529904506617, 1.0, 1.0]], [[1.0, 1.0, 0.9971199892836811, 0.9974206083344499], [1.0, 1.0, 0.9971199892836811, 0.9974206083344499], [0.9971199892836811, 0.9971199892836811, 1.0, 0.998426040655035], [0.9974206083344499, 0.9974206083344499, 0.998426040655035, 1.0]], [[1.0, 1.0, 1.0, 1.0], [1.0, 1.0, 1.0, 1.0], [1.0, 1.0, 1.0, 1.0], [1.0, 1.0, 1.0, 1.0]], [[1.0, 1.0, 1.0, 1.0], [1.0, 1.0, 1.0, 1.0], [1.0, 1.0, 1.0, 1.0], [1.0, 1.0, 1.0, 1.0]], [[1.0, 0.9999664215439374, 1.0, 0.996350975862877], [0.9999664215439374, 1.0, 0.9999664215439374, 0.9963174985772154], [1.0, 0.9999664215439374, 1.0, 0.996350975862877], [0.996350975862877, 0.9963174985772154, 0.996350975862877, 1.0]], [[1.0, 0.9966895168032102, 0.9979602073231901, 0.9985955525831801], [0.9966895168032102, 1.0, 0.9974871846416725, 0.9971540496199819], [0.9979602073231901, 0.9974871846416725, 1.0, 0.9993303646164663], [0.9985955525831801, 0.9971540496199819, 0.9993303646164663, 1.0]], [[1.0, 0.9989619608893652, 0.9935038842753817, 0.9983592285025449], [0.9989619608893652, 1.0, 0.9936013400335009, 0.9981239530988275], [0.9935038842753817, 0.9936013400335009, 1.0, 0.9937286202964652], [0.9983592285025449, 0.9981239530988275, 0.9937286202964652, 1.0]], [[1.0, 0.999063043769241, 0.998428303905832, 0.9985607658064732], [0.999063043769241, 1.0, 0.9987627073301231, 0.9983603265961719], [0.998428303905832, 0.9987627073301231, 1.0, 0.9979266987693954], [0.9985607658064732, 0.9983603265961719, 0.9979266987693954, 1.0]], [[1.0, 0.9973902569593148, 0.9977264368584707, 0.9978607480696594], [0.9973902569593148, 1.0, 0.9989969574375606, 0.9986295417321256], [0.9977264368584707, 0.9989969574375606, 1.0, 0.9991309289032991], [0.9978607480696594, 0.9986295417321256, 0.9991309289032991, 1.0]], [[1.0, 0.9986295417321256, 0.9966239930474312, 0.9984624126750676], [0.9986295417321256, 1.0, 0.9971226872762555, 0.9988959148850748], [0.9966239930474312, 0.9971226872762555, 1.0, 0.9981588109266203], [0.9984624126750676, 0.9988959148850748, 0.9981588109266203, 1.0]], [[1.0, 0.9966558539276995, 0.9981905304426498, 0.9977903512002411], [0.9966558539276995, 1.0, 0.9973581246028826, 0.9985954586496338], [0.9981905304426498, 0.9973581246028826, 1.0, 0.9983595031638153], [0.9977903512002411, 0.9985954586496338, 0.9983595031638153, 1.0]], [[1.0, 0.9995647952863982, 0.9983260236365462, 0.9955472228732131], [0.9995647952863982, 1.0, 0.998225703859931, 0.995313180007365], [0.9983260236365462, 0.998225703859931, 1.0, 0.9966139198068928], [0.9955472228732131, 0.995313180007365, 0.9966139198068928, 1.0]], [[1.0, 1.0, 0.9976587845747349, 0.9984608177742087], [1.0, 1.0, 0.9976587845747349, 0.9984608177742087], [0.9976587845747349, 0.9976587845747349, 1.0, 0.9980601357904947], [0.9984608177742087, 0.9984608177742087, 0.9980601357904947, 1.0]], [[1.0, 0.9965190614854236, 0.9959193230089975, 0.9968857783879718], [0.9965190614854236, 1.0, 0.9988627621500485, 0.999364059309837], [0.9959193230089975, 0.9988627621500485, 1.0, 0.9987624176338763], [0.9968857783879718, 0.999364059309837, 0.9987624176338763, 1.0]], [[1.0, 0.9974240599491503, 0.9984251440825627, 0.9987946563096394], [0.9974240599491503, 1.0, 0.9965877157767965, 0.9984276729559748], [0.9984251440825627, 0.9965877157767965, 1.0, 0.9978236850035156], [0.9987946563096394, 0.9984276729559748, 0.9978236850035156, 1.0]], [[1.0, 0.9986949101495833, 0.9965532242412074, 0.9988956932034936], [0.9986949101495833, 1.0, 0.9963161419959813, 0.9984601479596961], [0.9965532242412074, 0.9963161419959813, 1.0, 0.9974558966290631], [0.9988956932034936, 0.9984601479596961, 0.9974558966290631, 1.0]], [[1.0, 0.9981252092400402, 0.9983260796786073, 0.9983260796786073], [0.9981252092400402, 1.0, 0.9991622545405804, 0.9991622545405804], [0.9983260796786073, 0.9991622545405804, 1.0, 1.0], [0.9983260796786073, 0.9991622545405804, 1.0, 1.0]], [[1.0, 0.9949389998659338, 0.9949389998659338, 0.9949389998659338], [0.9949389998659338, 1.0, 1.0, 1.0], [0.9949389998659338, 1.0, 1.0, 1.0], [0.9949389998659338, 1.0, 1.0, 1.0]], [[1.0, 0.9999328453428246, 0.9999328453428246, 0.9999328453428246], [0.9999328453428246, 1.0, 1.0, 1.0], [0.9999328453428246, 1.0, 1.0, 1.0], [0.9999328453428246, 1.0, 1.0, 1.0]], [[1.0, 1.0, 0.9950165557376501, 0.9950165557376501], [1.0, 1.0, 0.9950165557376501, 0.9950165557376501], [0.9950165557376501, 0.9950165557376501, 1.0, 1.0], [0.9950165557376501, 0.9950165557376501, 1.0, 1.0]], [[1.0, 1.0, 0.9976580796252927, 0.9990297758447642], [1.0, 1.0, 0.9976580796252927, 0.9990297758447642], [0.9976580796252927, 0.9976580796252927, 1.0, 0.9973879847297569], [0.9990297758447642, 0.9990297758447642, 0.9973879847297569, 1.0]], [[1.0, 0.997022515138336, 0.9960523234418387, 0.9978254324044027], [0.997022515138336, 1.0, 0.9980559745265628, 0.9988272742502932], [0.9960523234418387, 0.9980559745265628, 1.0, 0.9975540291506115], [0.9978254324044027, 0.9988272742502932, 0.9975540291506115, 1.0]], [[1.0, 1.0, 1.0, 1.0], [1.0, 1.0, 1.0, 1.0], [1.0, 1.0, 1.0, 1.0], [1.0, 1.0, 1.0, 1.0]], [[1.0, 1.0, 1.0, 1.0], [1.0, 1.0, 1.0, 1.0], [1.0, 1.0, 1.0, 1.0], [1.0, 1.0, 1.0, 1.0]], [[1.0, 0.9997992102268924, 0.9996988153403387, 0.999832675189077], [0.9997992102268924, 1.0, 0.9994980255672311, 0.9996318854159695], [0.9996988153403387, 0.9994980255672311, 1.0, 0.9995314905294157], [0.999832675189077, 0.9996318854159695, 0.9995314905294157, 1.0]], [[1.0, 1.0, 0.9997657452647079, 0.9989298732568639], [1.0, 1.0, 0.9997657452647079, 0.9989298732568639], [0.9997657452647079, 0.9997657452647079, 1.0, 0.9986957830318028], [0.9989298732568639, 0.9989298732568639, 0.9986957830318028, 1.0]], [[1.0, 0.9993646122462629, 0.99966558539277, 0.99966558539277], [0.9993646122462629, 1.0, 0.9993311707855399, 0.9993311707855399], [0.99966558539277, 0.9993311707855399, 1.0, 1.0], [0.99966558539277, 0.9993311707855399, 1.0, 1.0]], [[1.0, 1.0, 1.0, 1.0], [1.0, 1.0, 1.0, 1.0], [1.0, 1.0, 1.0, 1.0], [1.0, 1.0, 1.0, 1.0]], [[1.0, 1.0, 0.9987958658059337, 0.9987958658059337], [1.0, 1.0, 0.9987958658059337, 0.9987958658059337], [0.9987958658059337, 0.9987958658059337, 1.0, 0.9999330700756308], [0.9987958658059337, 0.9987958658059337, 0.9999330700756308, 1.0]], [[1.0, 0.9993976306806773, 0.9999330700756308, 0.9998996051134462], [0.9993976306806773, 1.0, 0.9994645606050465, 0.9994310956428619], [0.9999330700756308, 0.9994645606050465, 1.0, 0.9999665350378154], [0.9998996051134462, 0.9994310956428619, 0.9999665350378154, 1.0]], [[1.0, 0.9998996051134462, 1.0, 1.0], [0.9998996051134462, 1.0, 0.9998996051134462, 0.9998996051134462], [1.0, 0.9998996051134462, 1.0, 1.0], [1.0, 0.9998996051134462, 1.0, 1.0]], [[1.0, 0.9999330700756308, 0.9998996051134462, 0.9998661401512616], [0.9999330700756308, 1.0, 0.9999665350378154, 0.9999330700756308], [0.9998996051134462, 0.9999665350378154, 1.0, 0.9998996051134462], [0.9998661401512616, 0.9999330700756308, 0.9998996051134462, 1.0]], [[1.0, 0.9998996051134462, 0.9998661401512616, 0.9998661401512616], [0.9998996051134462, 1.0, 0.9999665350378154, 0.9999665350378154], [0.9998661401512616, 0.9999665350378154, 1.0, 1.0], [0.9998661401512616, 0.9999665350378154, 1.0, 1.0]], [[1.0, 0.9998661401512616, 0.9993641657184927, 0.9977959592586408], [0.9998661401512616, 1.0, 0.9992972357941236, 0.9977291701452663], [0.9993641657184927, 0.9992972357941236, 1.0, 0.9972282517949574], [0.9977959592586408, 0.9977291701452663, 0.9972282517949574, 1.0]], [[1.0, 0.9980938367387887, 0.9979600708958968, 0.9988629903354178], [0.9980938367387887, 1.0, 0.9992630803242447, 0.9988285695160318], [0.9979600708958968, 0.9992630803242447, 1.0, 0.9988285695160318], [0.9988629903354178, 0.9988285695160318, 0.9988285695160318, 1.0]], [[1.0, 0.9989633147175868, 0.9989633147175868, 0.9989298732568639], [0.9989633147175868, 1.0, 1.0, 0.999966558539277], [0.9989633147175868, 1.0, 1.0, 0.999966558539277], [0.9989298732568639, 0.999966558539277, 0.999966558539277, 1.0]], [[1.0, 0.9988295488746949, 0.9988295488746949, 0.9988295488746949], [0.9988295488746949, 1.0, 1.0, 1.0], [0.9988295488746949, 1.0, 1.0, 1.0], [0.9988295488746949, 1.0, 1.0, 1.0]], [[1.0, 1.0, 0.998896394889974, 0.9987626245736071], [1.0, 1.0, 0.998896394889974, 0.9987626245736071], [0.998896394889974, 0.998896394889974, 1.0, 0.9990636077854325], [0.9987626245736071, 0.9987626245736071, 0.9990636077854325, 1.0]], [[1.0, 0.9995314905294157, 0.9983624636567189, 0.9994647218226222], [0.9995314905294157, 1.0, 0.9979614343481603, 0.9990967180756749], [0.9983624636567189, 0.9979614343481603, 1.0, 0.9984961400929051], [0.9994647218226222, 0.9990967180756749, 0.9984961400929051, 1.0]], [[1.0, 1.0, 1.0, 0.999832675189077], [1.0, 1.0, 1.0, 0.999832675189077], [1.0, 1.0, 1.0, 0.999832675189077], [0.999832675189077, 0.999832675189077, 0.999832675189077, 1.0]], [[1.0, 0.9997322803025233, 0.9995984742019675, 0.9991968409075698], [0.9997322803025233, 1.0, 0.9993977113029512, 0.9989960511344622], [0.9995984742019675, 0.9993977113029512, 1.0, 0.9988623435722411], [0.9991968409075698, 0.9989960511344622, 0.9988623435722411, 1.0]], [[1.0, 1.0, 1.0, 1.0], [1.0, 1.0, 1.0, 1.0], [1.0, 1.0, 1.0, 1.0], [1.0, 1.0, 1.0, 1.0]], [[1.0, 1.0, 1.0, 1.0], [1.0, 1.0, 1.0, 1.0], [1.0, 1.0, 1.0, 1.0], [1.0, 1.0, 1.0, 1.0]], [[1.0, 1.0, 1.0, 1.0], [1.0, 1.0, 1.0, 1.0], [1.0, 1.0, 1.0, 1.0], [1.0, 1.0, 1.0, 1.0]], [[1.0, 1.0, 1.0, 0.997924338801473], [1.0, 1.0, 1.0, 0.997924338801473], [1.0, 1.0, 1.0, 0.997924338801473], [0.997924338801473, 0.997924338801473, 0.997924338801473, 1.0]], [[1.0, 1.0, 1.0, 1.0], [1.0, 1.0, 1.0, 1.0], [1.0, 1.0, 1.0, 1.0], [1.0, 1.0, 1.0, 1.0]], [[1.0, 0.9987278205557415, 0.9992972357941236, 0.9992972357941236], [0.9987278205557415, 1.0, 0.9989625861722776, 0.9989625861722776], [0.9992972357941236, 0.9989625861722776, 1.0, 1.0], [0.9992972357941236, 0.9989625861722776, 1.0, 1.0]], [[1.0, 1.0, 1.0, 1.0], [1.0, 1.0, 1.0, 1.0], [1.0, 1.0, 1.0, 1.0], [1.0, 1.0, 1.0, 1.0]], [[1.0, 1.0, 0.9990301976390329, 0.9990301976390329], [1.0, 1.0, 0.9990301976390329, 0.9990301976390329], [0.9990301976390329, 0.9990301976390329, 1.0, 1.0], [0.9990301976390329, 0.9990301976390329, 1.0, 1.0]], [[1.0, 1.0, 0.9989967561783099, 0.9989633147175868], [1.0, 1.0, 0.9989967561783099, 0.9989633147175868], [0.9989967561783099, 0.9989967561783099, 1.0, 0.9996988153403387], [0.9989633147175868, 0.9989633147175868, 0.9996988153403387, 1.0]], [[1.0, 0.9973581246028826, 0.9973581246028826, 0.9988964317961408], [0.9973581246028826, 1.0, 1.0, 0.9982598219664012], [0.9973581246028826, 1.0, 1.0, 0.9982598219664012], [0.9988964317961408, 0.9982598219664012, 0.9982598219664012, 1.0]], [[1.0, 0.999832675189077, 0.999832675189077, 0.9994646860048847], [0.999832675189077, 1.0, 1.0, 0.9994981431295794], [0.999832675189077, 1.0, 1.0, 0.9994981431295794], [0.9994646860048847, 0.9994981431295794, 0.9994981431295794, 1.0]], [[1.0, 0.9992976353724204, 0.9993979731763604, 0.9998662162614135], [0.9992976353724204, 1.0, 0.9998326807884081, 0.9992307435031272], [0.9993979731763604, 0.9998326807884081, 1.0, 0.9993310813070672], [0.9998662162614135, 0.9992307435031272, 0.9993310813070672, 1.0]], [[1.0, 0.9996319839411174, 0.9996319839411174, 0.9996319839411174], [0.9996319839411174, 1.0, 1.0, 1.0], [0.9996319839411174, 1.0, 1.0, 1.0], [0.9996319839411174, 1.0, 1.0, 1.0]], [[1.0, 1.0, 1.0, 1.0], [1.0, 1.0, 1.0, 1.0], [1.0, 1.0, 1.0, 1.0], [1.0, 1.0, 1.0, 1.0]], [[1.0, 0.9979259358378215, 0.9979593884855986, 0.9968889037567323], [0.9979259358378215, 1.0, 0.9998325350838999, 0.9989616131841629], [0.9979593884855986, 0.9998325350838999, 1.0, 0.9987942526040794], [0.9968889037567323, 0.9989616131841629, 0.9987942526040794, 1.0]], [[1.0, 0.9986283496704693, 0.9995650864808805, 0.9996654511391388], [0.9986283496704693, 1.0, 0.9987952613613547, 0.9988287655188569], [0.9995650864808805, 0.9987952613613547, 1.0, 0.9997657531037714], [0.9996654511391388, 0.9988287655188569, 0.9997657531037714, 1.0]], [[1.0, 1.0, 0.9997322803025233, 0.9996988153403387], [1.0, 1.0, 0.9997322803025233, 0.9996988153403387], [0.9997322803025233, 0.9997322803025233, 1.0, 0.9996653503781541], [0.9996988153403387, 0.9996988153403387, 0.9996653503781541, 1.0]], [[1.0, 1.0, 1.0, 1.0], [1.0, 1.0, 1.0, 1.0], [1.0, 1.0, 1.0, 1.0], [1.0, 1.0, 1.0, 1.0]], [[1.0, 1.0, 1.0, 1.0], [1.0, 1.0, 1.0, 1.0], [1.0, 1.0, 1.0, 1.0], [1.0, 1.0, 1.0, 1.0]], [[1.0, 1.0, 1.0, 1.0], [1.0, 1.0, 1.0, 1.0], [1.0, 1.0, 1.0, 1.0], [1.0, 1.0, 1.0, 1.0]], [[1.0, 0.9981599812652638, 0.9984606117395087, 0.9984606117395087], [0.9981599812652638, 1.0, 0.9995650864808805, 0.9995650864808805], [0.9984606117395087, 0.9995650864808805, 1.0, 1.0], [0.9984606117395087, 0.9995650864808805, 1.0, 1.0]], [[1.0, 0.9991974049426479], [0.9991974049426479, 1.0]]]